sam_th	R	wavelength
1.000000000000000000e+00	9.391381668639101621e-01	1.250000000000000000e+01
2.000000000000000000e+00	8.866478865699787271e-01	1.250000000000000000e+01
3.000000000000000000e+00	8.343340611897032133e-01	1.250000000000000000e+01
4.000000000000000000e+00	7.825820244342084342e-01	1.250000000000000000e+01
5.000000000000000000e+00	7.306640473134714542e-01	1.250000000000000000e+01
6.000000000000000000e+00	6.784582180623494052e-01	1.250000000000000000e+01
7.000000000000000000e+00	6.240123423369813294e-01	1.250000000000000000e+01
8.000000000000000000e+00	5.672827239589125492e-01	1.250000000000000000e+01
9.000000000000000000e+00	5.074866301294378435e-01	1.250000000000000000e+01
1.000000000000000000e+01	4.429285595878539872e-01	1.250000000000000000e+01
1.100000000000000000e+01	3.731963465616174869e-01	1.250000000000000000e+01
1.200000000000000000e+01	2.985169457011810912e-01	1.250000000000000000e+01
1.300000000000000000e+01	2.222629859034853939e-01	1.250000000000000000e+01
1.400000000000000000e+01	1.533293565723884977e-01	1.250000000000000000e+01
1.500000000000000000e+01	1.040954918375747024e-01	1.250000000000000000e+01
1.600000000000000000e+01	7.829062909908529599e-02	1.250000000000000000e+01
1.700000000000000000e+01	6.409804921748950279e-02	1.250000000000000000e+01
1.800000000000000000e+01	4.836472397913119808e-02	1.250000000000000000e+01
1.900000000000000000e+01	3.073781503990419967e-02	1.250000000000000000e+01
2.000000000000000000e+01	1.764531856201929927e-02	1.250000000000000000e+01
2.100000000000000000e+01	1.286331451607880018e-02	1.250000000000000000e+01
2.200000000000000000e+01	1.402808204433700009e-02	1.250000000000000000e+01
2.300000000000000000e+01	1.556552480835820054e-02	1.250000000000000000e+01
2.400000000000000000e+01	1.546104606642739916e-02	1.250000000000000000e+01
2.500000000000000000e+01	1.189119807190699984e-02	1.250000000000000000e+01
2.600000000000000000e+01	6.307222590685999594e-03	1.250000000000000000e+01
2.700000000000000000e+01	2.539929956631699869e-03	1.250000000000000000e+01
2.800000000000000000e+01	1.894494806237099907e-03	1.250000000000000000e+01
2.900000000000000000e+01	2.912141403635399878e-03	1.250000000000000000e+01
3.000000000000000000e+01	4.491183743467699885e-03	1.250000000000000000e+01
3.100000000000000000e+01	5.137222518553000335e-03	1.250000000000000000e+01
3.200000000000000000e+01	5.635707738099899992e-03	1.250000000000000000e+01
3.300000000000000000e+01	4.709675896249499935e-03	1.250000000000000000e+01
3.400000000000000000e+01	2.877843103897000099e-03	1.250000000000000000e+01
3.500000000000000000e+01	1.698768542214100031e-03	1.250000000000000000e+01
3.600000000000000000e+01	1.003871949141800024e-03	1.250000000000000000e+01
3.700000000000000000e+01	2.808235497904999962e-04	1.250000000000000000e+01
3.800000000000000000e+01	6.388965641418000233e-04	1.250000000000000000e+01
3.900000000000000000e+01	2.963031984049600137e-03	1.250000000000000000e+01
4.000000000000000000e+01	2.703353575459900137e-03	1.250000000000000000e+01
1.000000000000000000e+00	9.278626553299763602e-01	1.350000000000000000e+01
2.000000000000000000e+00	8.659974815180481178e-01	1.350000000000000000e+01
3.000000000000000000e+00	8.054867299257122415e-01	1.350000000000000000e+01
4.000000000000000000e+00	7.465997638857077012e-01	1.350000000000000000e+01
5.000000000000000000e+00	6.886788343497100007e-01	1.350000000000000000e+01
6.000000000000000000e+00	6.318232620029783364e-01	1.350000000000000000e+01
7.000000000000000000e+00	5.747021202760006497e-01	1.350000000000000000e+01
8.000000000000000000e+00	5.173827740715521983e-01	1.350000000000000000e+01
9.000000000000000000e+00	4.589981736418590197e-01	1.350000000000000000e+01
1.000000000000000000e+01	3.999224257436981844e-01	1.350000000000000000e+01
1.100000000000000000e+01	3.393646549432375870e-01	1.350000000000000000e+01
1.200000000000000000e+01	2.784735071115526095e-01	1.350000000000000000e+01
1.300000000000000000e+01	2.195358230788826137e-01	1.350000000000000000e+01
1.400000000000000000e+01	1.654390182610545046e-01	1.350000000000000000e+01
1.500000000000000000e+01	1.210892184271846056e-01	1.350000000000000000e+01
1.600000000000000000e+01	8.936422911506819444e-02	1.350000000000000000e+01
1.700000000000000000e+01	6.914362973971420467e-02	1.350000000000000000e+01
1.800000000000000000e+01	5.480940332628699702e-02	1.350000000000000000e+01
1.900000000000000000e+01	4.251978605702950303e-02	1.350000000000000000e+01
2.000000000000000000e+01	3.090265731717519934e-02	1.350000000000000000e+01
2.100000000000000000e+01	2.143927521409290035e-02	1.350000000000000000e+01
2.200000000000000000e+01	1.539093901585149998e-02	1.350000000000000000e+01
2.300000000000000000e+01	1.206463096052049974e-02	1.350000000000000000e+01
2.400000000000000000e+01	1.250678661392200068e-02	1.350000000000000000e+01
2.500000000000000000e+01	1.271930245474950025e-02	1.350000000000000000e+01
2.600000000000000000e+01	1.088410584707519974e-02	1.350000000000000000e+01
2.700000000000000000e+01	8.545134831319200347e-03	1.350000000000000000e+01
2.800000000000000000e+01	6.753708450390899683e-03	1.350000000000000000e+01
2.900000000000000000e+01	5.509050380101399719e-03	1.350000000000000000e+01
3.000000000000000000e+01	3.937928257207099630e-03	1.350000000000000000e+01
3.100000000000000000e+01	3.125745108584800092e-03	1.350000000000000000e+01
3.200000000000000000e+01	3.284911055921200130e-03	1.350000000000000000e+01
3.300000000000000000e+01	4.291740311160799869e-03	1.350000000000000000e+01
3.400000000000000000e+01	5.281268876870200135e-03	1.350000000000000000e+01
3.500000000000000000e+01	5.104841877907599634e-03	1.350000000000000000e+01
3.600000000000000000e+01	3.630203763216799905e-03	1.350000000000000000e+01
3.700000000000000000e+01	1.651774492855699996e-03	1.350000000000000000e+01
3.800000000000000000e+01	1.660717069121499896e-03	1.350000000000000000e+01
3.900000000000000000e+01	1.572469078921600108e-03	1.350000000000000000e+01
4.000000000000000000e+01	8.658106448650999647e-04	1.350000000000000000e+01
1.000000000000000000e+00	9.281731279985128147e-01	1.350000000000000000e+01
2.000000000000000000e+00	8.662174970737400725e-01	1.350000000000000000e+01
3.000000000000000000e+00	8.055472455896842687e-01	1.350000000000000000e+01
4.000000000000000000e+00	7.463158763951857066e-01	1.350000000000000000e+01
5.000000000000000000e+00	6.880511903272916729e-01	1.350000000000000000e+01
6.000000000000000000e+00	6.309311434625164416e-01	1.350000000000000000e+01
7.000000000000000000e+00	5.736174379393103040e-01	1.350000000000000000e+01
8.000000000000000000e+00	5.160600469131656487e-01	1.350000000000000000e+01
9.000000000000000000e+00	4.576255087806304078e-01	1.350000000000000000e+01
1.000000000000000000e+01	3.984905337263737191e-01	1.350000000000000000e+01
1.100000000000000000e+01	3.380134809267684171e-01	1.350000000000000000e+01
1.200000000000000000e+01	2.771778532763451985e-01	1.350000000000000000e+01
1.300000000000000000e+01	2.184212264546674109e-01	1.350000000000000000e+01
1.400000000000000000e+01	1.648579205257438007e-01	1.350000000000000000e+01
1.500000000000000000e+01	1.206197570446772005e-01	1.350000000000000000e+01
1.600000000000000000e+01	8.903109806708639495e-02	1.350000000000000000e+01
1.700000000000000000e+01	6.904978594143630632e-02	1.350000000000000000e+01
1.800000000000000000e+01	5.497418002516459706e-02	1.350000000000000000e+01
1.900000000000000000e+01	4.293622681195000124e-02	1.350000000000000000e+01
2.000000000000000000e+01	3.138121886319589909e-02	1.350000000000000000e+01
2.100000000000000000e+01	2.187208671548769925e-02	1.350000000000000000e+01
2.200000000000000000e+01	1.564396048532830027e-02	1.350000000000000000e+01
2.300000000000000000e+01	1.185068556172219970e-02	1.350000000000000000e+01
2.400000000000000000e+01	1.246909049772500049e-02	1.350000000000000000e+01
2.500000000000000000e+01	1.240821077075240052e-02	1.350000000000000000e+01
2.600000000000000000e+01	1.097012184509780011e-02	1.350000000000000000e+01
2.700000000000000000e+01	9.338146651744299448e-03	1.350000000000000000e+01
2.800000000000000000e+01	7.917409013452799890e-03	1.350000000000000000e+01
2.900000000000000000e+01	6.081998364445099885e-03	1.350000000000000000e+01
3.000000000000000000e+01	4.034253952383999586e-03	1.350000000000000000e+01
3.100000000000000000e+01	2.224711013359500014e-03	1.350000000000000000e+01
3.200000000000000000e+01	3.752232683935599871e-03	1.350000000000000000e+01
3.300000000000000000e+01	4.193931604346000028e-03	1.350000000000000000e+01
3.400000000000000000e+01	4.132340991010399582e-03	1.350000000000000000e+01
3.500000000000000000e+01	5.236472656518499982e-03	1.350000000000000000e+01
3.600000000000000000e+01	3.919329555259799987e-03	1.350000000000000000e+01
3.700000000000000000e+01	2.127481591795700195e-03	1.350000000000000000e+01
3.800000000000000000e+01	1.774500243400399914e-03	1.350000000000000000e+01
3.900000000000000000e+01	1.827550733264700095e-03	1.350000000000000000e+01
4.000000000000000000e+01	1.368565245691399923e-03	1.350000000000000000e+01
1.000000000000000000e+00	9.248436059172048251e-01	1.450000000000000000e+01
2.000000000000000000e+00	8.607253998953090512e-01	1.450000000000000000e+01
3.000000000000000000e+00	7.976800897991043193e-01	1.450000000000000000e+01
4.000000000000000000e+00	7.368999488726662994e-01	1.450000000000000000e+01
5.000000000000000000e+00	6.774122964790412205e-01	1.450000000000000000e+01
6.000000000000000000e+00	6.197652008031397930e-01	1.450000000000000000e+01
7.000000000000000000e+00	5.623967073735220978e-01	1.450000000000000000e+01
8.000000000000000000e+00	5.054180265578369635e-01	1.450000000000000000e+01
9.000000000000000000e+00	4.488977017291433946e-01	1.450000000000000000e+01
1.000000000000000000e+01	3.918731417231505199e-01	1.450000000000000000e+01
1.100000000000000000e+01	3.346971551523260091e-01	1.450000000000000000e+01
1.200000000000000000e+01	2.778998594438177872e-01	1.450000000000000000e+01
1.300000000000000000e+01	2.232207623822408116e-01	1.450000000000000000e+01
1.400000000000000000e+01	1.732180406877386059e-01	1.450000000000000000e+01
1.500000000000000000e+01	1.297430212793503901e-01	1.450000000000000000e+01
1.600000000000000000e+01	9.643095105977589343e-02	1.450000000000000000e+01
1.700000000000000000e+01	7.342456565502919474e-02	1.450000000000000000e+01
1.800000000000000000e+01	5.856203573248130317e-02	1.450000000000000000e+01
1.900000000000000000e+01	4.772240578638099751e-02	1.450000000000000000e+01
2.000000000000000000e+01	3.775046898518200078e-02	1.450000000000000000e+01
2.100000000000000000e+01	2.830176653609429993e-02	1.450000000000000000e+01
2.200000000000000000e+01	2.023220488542409878e-02	1.450000000000000000e+01
2.300000000000000000e+01	1.261499141917290026e-02	1.450000000000000000e+01
2.400000000000000000e+01	1.076932493615869943e-02	1.450000000000000000e+01
2.500000000000000000e+01	1.200111083733969991e-02	1.450000000000000000e+01
2.600000000000000000e+01	1.098475470993100049e-02	1.450000000000000000e+01
2.700000000000000000e+01	1.057091155745230014e-02	1.450000000000000000e+01
2.800000000000000000e+01	1.095943895089710081e-02	1.450000000000000000e+01
2.900000000000000000e+01	7.935856241618799434e-03	1.450000000000000000e+01
3.000000000000000000e+01	5.687734292815999591e-03	1.450000000000000000e+01
3.100000000000000000e+01	3.894767248514799819e-03	1.450000000000000000e+01
3.200000000000000000e+01	4.028809142007300399e-03	1.450000000000000000e+01
3.300000000000000000e+01	3.065352106761099881e-03	1.450000000000000000e+01
3.400000000000000000e+01	4.363976785847599980e-03	1.450000000000000000e+01
3.500000000000000000e+01	3.775275340500800110e-03	1.450000000000000000e+01
3.600000000000000000e+01	3.360423867616999915e-03	1.450000000000000000e+01
3.700000000000000000e+01	2.610865153071100040e-03	1.450000000000000000e+01
3.800000000000000000e+01	2.731481189447000201e-03	1.450000000000000000e+01
3.900000000000000000e+01	3.120035495201500201e-03	1.450000000000000000e+01
4.000000000000000000e+01	3.320035495201500201e-03	1.450000000000000000e+01
